41629 41618 .6
45020 45275 .9
42548 .9
46028 1 
47767 45654 1
45409 45040 .4
46785 .4
44934 45412 1
45526 45066 .4
41631 42650 .4
48182 45373 .3 
43149 43858 .4
43153 43645 .7
42754 43381 .4
43211 43322 .6
45101 44929 .4
45353 45001 .2
45234 .2
44930 45356 .4
52234 .4
43413 45235 .6
45404 1
45777 45806 .2
45579 43111 .4
42909 42877 .7
42708 43178 .7
41666 41757 .2
42851 45351 .2
43692 43969 .9
42613 42655 .7
45465 45679 .2
45000 46313 .7
41921 45690 .3
42697 43015 .3
45703 48369 .3
43914 46317 .3
45748 45384 .3
42492 42999 .3
43780 42960 .3
45043 45245 .3
48257 45296 .3
43304 43594 .3
45537 45644 .4
42832 42486 .2
43367 43368 .3