45234 1
45465 1
45351 .3
45275 1
46785 1
45554 1
45412 .9
43125 1
42486 .5
48182 .8
46833 1
43780 1
48369 1
45409 .5
45017 1
43858 1
45047 .3
42999 .9
43149 .6
46028 1
41666 1
45020 1
45532 .3
45101 .3
43149 .7
45323 .3
45404 1
45169 .3
43645 1
44930 .9
42492 .9
42851 1
43043 .3
43381 .4
42548 .7
43153 1
42697 1
45640 .3
45430 .9
46317 .9
41757 .9
45000 .9
41921 .9
46033 .9
44934 .9
45526 .9
41618 1
45384 .3
45748 .3
45112 .3
41631 .9
45040 .9
43111 .9
45579 .9
41940 1
45356 .7
46028 .9
45703 .9
45388 .9
47767 .4
45267 .1
42708 .9
45001 .9
41923 .4
45353 1
41629 .3
43178 .9
42754 .2
42650 .7
45047 .3 
45373 .2
42960 0
45537 .9
45644 1
42832 .2
43322 .9
43969 .9
42877 .3
43211 .2
45749 .1
45235 .1
43413 .2
45679 1
45654 .4
43914 .3
43438 .8
45066 .9
46313 .9
43799 .3
45690 .9
44929 .7
45683 .9
43367 .9
52234 .4
48257 0
43368 .9
43594 .9
43304 .9
45043 .3
45245 .3
45056 .3
45296 .2



