45040 45409 .9
43149 43858 .9
45526 45066 .9
45353 45001 .9
45404 1
45640 45047 .9
45465 45679 .8
45235 43413 .7
45101 44929 .9
45169 45532 .9
42548 .9
42492 42999 .9
41618 41629 .5
45356 44930 .9
46028 .9
44934 45412 .9
45777 45806 .9
45275 45020 1
46785 .9
45579 43111 .9
45384 45748 .9
45000 46313 1
45654 47767 .9
45373 48182 .2
41666 41757 1
43211 1
45388 45683 1
41921 45690 1
41631 42650 1
42697 43015 .9
43153 43645 .9 
45537 45644 1
42960 43780 1
42851 45351 .9
42754 43381 .5
43969 43692 .4
43304 43594 .2
43914 46317 .2
45554 43125 ?
45112 45749 .8
45703 48369 .3
43368 43367 .2
42613 42655 1
45234 .7
41923 .3
45245 45043 .9
43799 .3   
41940 .3
42909 42877 .9
45017 46033 .3
42832 42486 .3
42708 43178 .9
43438 43043 .3
48257 45296 .3
52234 .3
