45409 1
43111 .5
45579 .5
42548 .5
45277 .5
45275 1
44930 1
45356 1
45412 .7
45777 .5
45353 1
45001 1
42650 1
45040 1
45020 1
46785 .5
45806 .5
44934 .8
42540 .8
52234 .2
42999 .5
45388 1
43645 .5
45526 .8
43381 .5
45043 .8
43858 1
46028 1
43149 1
43153 .5
45245 .8
42851 .8
45234 .8
46033 .8
45679 1
45554 1
43125 1
45017 .8
45047 1
48257 .8
45537 1
42492 .5
45296 .8
45351 .5
41923 1
45404 1
45465 1
41666 .8
45169 1
45532 1
45235 .8
45640 1
42697 1
42877 .8
42909 .8
45323 .8
42754 .3
41940 .8
45683 1
43043 .8
45748 .5
42655 .5
41757 .2
41921 .5
42832 .5
45101 1
45373 .8
43211 .8
43322 .8
45690 .8
47767 .8
43438 1
45112 1
46833 .8
42613 .5
45703 .8
48369 .8
41618 1
45000 .8
46313 .8
45066 .8
45267 .4
43368 1
41629 1
43304 .8
43413 .5
48182 .8
43015 .8
44929 .8
43594 .8
43799 .5
43780 .5
43367 1
46317 .4
45384 .5
43304 .8
41631 .3
43178 1
43914 1
45294 .8
42708 .8
42486 .4
45654 .25
43969 .5
45644 .4
45056 1









